# Created by Octave 3.4.0, Thu Sep 06 21:39:55 2012 EDT <andy@peh.home>
# name: X
# type: matrix
# rows: 3
# columns: 2
 1 2
 2 4
 3 6


# name: y
# type: matrix
# rows: 1
# columns: 3
 1 2 3


# name: theta
# type: scalar
1


